SACR
-480 526 954
-454 525 949
-428 525 946
-402 524 943
-374 525 940
-345 525 939
-315 525 940
-286 526 943
-258 527 947
-231 527 950
-205 527 953
-180 527 956
-156 527 959
-132 526 962
-108 525 966
-84 524 969
-60 524 971
-36 524 972
-12 525 972
12 526 970
36 528 968
61 530 966
87 532 963
113 534 959
139 537 956
167 540 952
195 543 948
224 546 945
253 549 943
284 552 942
314 554 943
345 556 945
375 556 947
404 556 950
432 556 952
458 556 953
484 556 955
510 557 958
535 558 962
560 559 964
585 561 966
610 561 967
635 562 967
660 563 965
685 563 963
711 563 960
737 563 956
764 562 953
793 562 949
821 561 945
851 560 942
881 559 940
912 558 937
943 558 935
974 558 935
1004 558 936
1033 559 939
1061 559 942
1087 560 944
1114 560 947
1139 560 951
1164 560 955
1188 560 959
1213 561 962
1238 562 964
1262 564 965
1287 567 965
1312 569 963
1336 572 960
1362 575 957
1388 578 954
1414 582 950
1441 586 946
1468 591 942
1496 594 940
1527 598 939
1558 601 938
1589 605 938
1620 608 941
1651 610 944
1680 611 948
1707 611 949
1734 612 950
1758 613 952
1782 615 954
1807 618 958
1831 621 961
1855 623 964
1879 626 965
1902 627 967
1926 628 967
1949 629 965
1973 629 963
1997 629 961
2022 628 958
2047 628 955
2074 627 951
2100 627 948
2128 626 944
2156 626 941
2184 627 938
2214 628 937
2244 628 937
2272 629 940
2301 629 943
2328 630 946
2354 630 948
2379 631 950
2405 631 953
2428 631 956
2452 631 960
2476 631 963
2500 632 965
2524 634 967
2548 636 966
2572 638 966
2596 641 964
2620 644 962
2645 647 960
2670 651 957
2695 655 954
2722 660 951
2749 665 948
2776 671 945
2804 675 943
2833 679 942
2862 683 942
2890 685 944
2918 687 946
2945 689 949
2971 691 952
2996 694 954
3019 696 957
3042 699 960
3064 701 963
3086 703 966
3108 705 968
3130 706 969
3151 707 969
3173 708 969
3194 708 968
3215 709 968
LASI
-302 683 930
-278 686 926
-254 689 923
-227 690 920
-199 690 917
-170 689 915
-139 686 914
-108 684 915
-79 682 918
-51 681 920
-25 680 921
-1 680 925
22 680 928
45 680 932
68 680 937
91 679 941
115 678 944
139 678 947
163 677 948
189 676 949
214 676 947
240 675 945
267 676 941
295 676 938
324 677 934
353 677 930
382 677 926
413 678 924
443 679 923
474 681 923
506 683 922
536 686 927
566 688 932
594 690 938
621 692 941
648 695 945
674 697 946
699 698 951
724 700 952
748 702 955
773 705 954
797 708 954
821 711 951
845 713 951
869 714 948
894 716 945
919 718 941
942 720 937
970 721 933
998 722 929
1025 723 924
1054 725 921
1084 724 918
1114 725 914
1148 722 913
1179 721 915
1209 720 916
1238 719 918
1264 718 919
1289 719 922
1313 720 926
1337 721 931
1361 721 936
1387 720 941
1412 718 945
1438 717 948
1464 717 949
1490 717 948
1516 718 947
1543 719 944
1572 720 941
1601 721 937
1630 721 934
1660 722 931
1690 722 929
1721 724 928
1751 726 928
1783 729 929
1814 733 931
1844 737 935
1872 740 940
1900 744 945
1926 747 948
1951 751 951
1975 754 954
1999 756 956
2023 759 958
2047 762 958
2070 766 958
2093 770 957
2116 773 955
2138 776 953
2160 779 950
2182 781 946
2203 785 942
2225 787 938
2249 790 934
2274 791 930
2301 792 926
2329 793 923
2358 793 920
2389 792 918
2420 791 916
2450 790 917
2478 790 918
2505 790 919
2531 789 921
2556 789 924
2580 789 927
2605 790 931
2633 789 936
2658 789 940
2683 788 943
2701 790 943
0 0 0
0 0 0
0 0 0
0 0 0
0 0 0
0 0 0
0 0 0
0 0 0
0 0 0
0 0 0
0 0 0
0 0 0
0 0 0
0 0 0
0 0 0
0 0 0
0 0 0
0 0 0
0 0 0
0 0 0
0 0 0
0 0 0
0 0 0
0 0 0
0 0 0
0 0 0
0 0 0
0 0 0
LTHI
-439 762 591
-420 762 588
-399 762 585
-377 762 583
-353 763 582
-326 763 581
-294 764 580
-255 766 580
-215 769 581
-169 772 578
-123 775 574
-87 777 575
-52 777 577
-17 776 581
19 775 585
55 774 589
91 774 593
128 774 598
164 776 602
200 778 605
234 780 606
266 780 606
294 780 603
319 780 599
343 782 594
362 784 589
381 784 584
412 783 581
444 782 579
476 781 579
512 782 580
547 783 583
573 784 589
600 786 592
627 788 595
643 789 597
658 790 598
671 791 599
684 792 600
699 793 601
714 793 600
731 793 599
747 793 599
765 793 598
783 793 596
801 794 594
818 795 592
835 795 590
851 796 588
869 797 586
891 797 584
914 798 583
941 799 581
969 799 580
1000 800 579
1039 802 578
1080 804 577
1128 808 573
1176 811 569
1213 811 571
1249 811 574
1286 810 577
1323 809 582
1360 809 587
1398 811 593
1438 814 599
1477 818 603
1515 821 607
1551 823 608
1582 824 607
1610 824 604
1634 827 599
1656 831 595
1674 833 591
1703 835 589
1735 835 587
1766 836 587
1798 837 588
1832 839 589
1854 841 593
1877 844 596
1903 848 599
1921 850 601
1936 853 602
1947 855 603
1959 856 604
1972 858 606
1986 859 606
2000 861 606
2014 862 606
2028 862 605
2042 863 603
2059 863 602
2075 864 599
2092 864 597
2110 865 594
2127 865 592
2145 865 589
2165 866 587
2187 866 585
2213 867 583
2241 868 582
2272 869 580
2308 870 580
2349 873 579
2393 875 577
2436 877 575
2475 879 574
2507 879 576
2540 879 579
2575 879 583
2609 879 586
2646 881 590
2682 884 594
2720 888 599
2757 893 604
2793 897 606
2825 899 607
2854 899 605
2878 899 601
2898 902 596
2916 905 590
2931 907 586
2959 909 583
2989 910 580
3019 912 579
3053 916 583
3083 920 588
3109 924 593
3135 928 597
3155 932 599
3169 934 600
3182 937 602
3194 939 603
3206 941 605
3218 943 606
3231 945 607
3242 946 608
3254 947 608
3266 947 608
3278 948 608
3289 949 607
LKNE
-482 658 447
-466 657 446
-449 656 444
-428 657 443
-404 658 442
-376 659 441
-344 661 438
-305 664 438
-260 671 436
-209 676 432
-156 679 426
-103 682 427
-51 685 431
-1 687 438
48 687 446
97 687 454
142 686 463
185 686 470
226 686 476
265 687 479
300 686 480
333 686 478
361 685 476
385 685 467
407 685 459
428 683 451
448 683 445
471 682 440
499 682 439
534 682 439
569 682 439
593 683 443
617 684 447
642 685 450
661 687 450
675 688 450
684 690 450
694 692 451
703 693 451
713 694 451
723 693 450
732 693 449
743 692 448
755 692 447
765 692 447
775 692 446
785 693 444
796 693 444
809 693 444
823 693 443
839 693 443
862 694 442
886 694 442
916 697 438
952 700 436
993 703 435
1045 708 431
1099 712 427
1153 717 422
1208 720 421
1262 721 427
1315 722 437
1366 722 447
1414 722 457
1460 723 466
1503 724 473
1545 727 478
1584 730 480
1619 731 480
1650 732 478
1678 733 475
1700 735 466
1722 735 457
1742 736 450
1764 737 446
1788 738 443
1818 740 443
1850 742 443
1875 743 442
1894 745 446
1915 748 448
1937 750 449
1950 753 451
1959 756 451
1967 758 452
1975 760 453
1983 762 453
1990 763 453
1996 764 453
2003 765 452
2012 765 453
2022 766 452
2033 765 451
2046 765 450
2058 764 448
2072 764 447
2087 764 445
2103 763 444
2121 764 442
2141 764 441
2164 764 441
2190 765 439
2223 767 437
2262 768 436
2309 773 433
2358 778 430
2410 781 426
2461 784 424
2512 787 428
2563 789 435
2612 791 443
2659 794 452
2704 795 460
2749 797 464
2787 801 473
2827 804 473
2863 805 474
2892 810 474
2919 811 471
2941 811 465
2961 812 456
2980 812 448
3000 812 442
3021 813 438
3046 815 436
3080 818 437
3111 822 439
3138 824 443
3162 830 448
3185 834 451
3202 836 454
3212 838 452
3224 840 452
3230 843 455
3238 845 453
3245 847 455
3252 847 455
3258 848 456
3265 848 456
3273 848 455
3279 849 456
3287 849 454
LTIB
-609 705 260
-600 703 263
-591 701 267
-578 701 274
-561 703 279
-538 707 287
-513 712 295
-481 716 307
-445 717 321
-401 716 335
-354 716 346
-300 718 356
-246 719 365
-191 719 374
-136 717 382
-84 714 390
-35 712 389
11 711 381
57 712 368
106 715 351
158 719 329
209 724 306
258 728 284
310 730 262
356 730 245
399 730 232
436 730 223
470 733 221
503 737 220
527 739 221
549 738 222
573 738 227
588 741 237
603 745 236
617 748 236
623 749 240
635 752 241
640 753 240
639 752 243
640 751 245
644 750 246
650 750 247
657 750 247
664 750 248
669 749 249
673 749 250
677 748 252
681 746 254
685 744 257
690 742 262
699 741 268
712 742 274
731 744 280
752 748 288
779 751 298
813 753 312
854 752 328
901 750 341
955 751 350
1011 752 360
1067 752 370
1123 749 380
1177 744 388
1229 740 395
1278 739 390
1327 740 381
1380 749 361
1433 757 340
1488 766 316
1543 774 293
1595 780 272
1644 785 253
1686 786 240
1721 786 231
1753 788 223
1788 795 223
1812 800 225
1831 802 225
1851 803 225
1874 806 233
1885 810 235
1899 812 236
1899 810 238
1904 812 240
1912 816 241
1914 817 241
1916 818 242
1918 818 244
1920 817 245
1921 817 245
1926 817 247
1932 818 248
1939 818 249
1945 817 251
1952 815 252
1958 814 254
1965 812 257
1973 810 260
1983 808 265
1995 809 271
2010 810 277
2031 814 283
2056 818 292
2086 821 304
2121 821 318
2162 818 335
2210 817 345
2261 818 354
2315 819 366
2369 818 378
2422 814 385
2473 810 393
2519 809 394
2565 811 384
2612 816 367
2662 824 348
2713 833 325
2765 841 302
2814 847 281
2860 850 262
2903 852 245
2945 853 230
2984 856 221
3021 864 215
3050 871 218
3072 874 218
3092 875 220
3117 878 227
3125 882 234
3140 888 236
3150 890 238
3157 891 240
3162 893 241
3167 895 243
3167 895 243
3168 894 246
3172 894 247
3176 895 247
3178 895 249
3181 895 251
3184 895 251
3187 894 253
LANK
-605 598 47
-603 597 50
-601 596 54
-598 597 60
-593 600 68
-586 603 78
-575 607 92
-558 611 108
-532 615 126
-499 617 146
-460 619 166
-416 619 185
-368 618 201
-313 619 208
-255 620 209
-195 622 204
-133 624 193
-68 626 175
0 627 155
71 629 133
145 631 110
224 634 88
303 637 70
382 641 55
457 645 48
523 649 46
576 651 47
616 651 49
639 649 45
647 645 39
654 642 35
666 644 39
670 643 38
672 643 38
674 643 39
674 643 39
674 643 39
674 643 38
674 643 38
675 643 38
675 642 38
676 641 39
676 641 40
676 640 40
677 640 41
679 640 43
680 640 44
681 638 46
681 637 49
682 636 52
683 634 57
686 635 63
691 638 71
700 643 82
711 647 95
731 649 114
760 651 133
798 651 153
841 653 175
890 651 194
944 650 205
1003 651 210
1064 652 209
1127 655 200
1194 657 186
1263 661 167
1335 665 146
1412 670 123
1492 676 99
1575 682 77
1657 690 64
1735 696 52
1803 703 47
1858 709 48
1901 712 51
1928 715 50
1939 713 44
1943 712 36
1954 712 39
1961 712 39
1964 712 40
1966 712 40
1966 712 40
1966 712 39
1966 712 39
1965 713 38
1965 713 38
1966 713 39
1966 712 39
1966 712 39
1967 711 40
1968 711 41
1969 710 41
1969 709 42
1970 708 42
1971 706 44
1973 705 46
1975 704 48
1976 703 52
1979 704 58
1983 706 66
1987 708 75
1999 712 88
2012 716 103
2036 718 122
2071 720 142
2107 721 161
2152 723 179
2198 723 198
2252 722 207
2308 723 208
2368 725 202
2429 727 192
2493 730 177
2561 733 157
2631 737 131
2706 743 108
2782 750 85
2859 759 66
2937 769 49
3018 775 42
3086 782 40
3135 789 46
3182 792 48
3198 793 45
3206 791 41
0 0 0
0 0 0
0 0 0
0 0 0
0 0 0
0 0 0
0 0 0
0 0 0
0 0 0
0 0 0
0 0 0
0 0 0
0 0 0
0 0 0
0 0 0
0 0 0
LTOE
-475 592 18
-475 589 14
-475 588 14
-474 588 13
-473 589 14
-471 589 14
-468 590 16
-464 591 17
-457 591 19
-444 592 26
-427 593 39
-386 596 59
-340 604 72
-280 611 79
-217 618 83
-147 623 80
-73 629 75
4 635 67
83 640 58
165 644 47
250 647 38
337 650 30
424 653 30
509 655 31
585 657 39
652 659 50
706 660 60
746 657 64
770 651 60
779 642 46
785 636 30
797 633 23
799 628 18
800 629 15
800 629 13
800 629 13
800 630 13
800 630 12
799 630 12
800 630 12
800 630 12
800 630 11
801 629 11
802 629 11
803 629 11
804 629 12
804 629 13
804 629 12
804 629 12
804 629 12
804 628 12
806 628 13
807 630 13
808 633 14
811 634 14
816 634 16
824 636 19
843 635 32
865 634 48
916 642 64
973 650 77
1037 657 83
1105 663 84
1177 668 80
1252 671 73
1335 677 63
1420 682 52
1509 688 42
1598 693 34
1688 698 29
1776 703 31
1861 708 37
1932 713 48
1988 719 58
2030 721 63
2057 719 60
2069 714 49
2072 707 34
2085 707 25
2090 703 17
2092 703 16
2094 703 15
2094 703 14
2094 703 14
2094 704 14
2094 704 13
2094 704 13
2094 705 13
2094 705 13
2095 705 13
2095 705 13
2095 705 13
2095 704 13
2095 704 13
2096 704 12
2096 703 12
2096 703 12
2097 703 12
2097 704 12
2098 704 12
2099 705 13
2101 706 13
2103 707 14
2107 708 16
2114 708 18
2124 708 22
2141 709 34
2172 708 51
2220 716 67
2278 724 77
2340 729 81
2408 736 80
2479 741 74
2559 753 65
2637 757 55
2718 762 44
2803 767 34
2890 775 29
2980 780 26
0 0 0
3141 797 36
3210 803 46
3269 806 56
3307 807 68
3324 806 62
3338 796 48
3350 797 27
3374 790 15
3376 789 14
3377 789 14
3378 789 13
3378 789 13
3378 789 13
3377 790 13
3376 791 13
3376 791 13
3377 791 13
3379 790 12
3380 790 12
3381 789 12
3382 789 11
3383 789 12
RASI
-285 433 933
-258 435 928
-231 437 924
-204 437 922
-176 437 920
-148 436 921
-118 435 924
-89 434 929
-61 433 934
-34 432 939
-8 431 942
18 430 945
44 430 948
68 431 951
92 430 956
115 430 956
139 429 955
162 428 955
186 427 954
209 426 952
233 425 950
257 424 947
281 424 942
306 424 938
332 425 933
358 425 929
384 425 926
412 425 923
441 426 921
471 428 919
502 430 919
533 433 919
563 435 921
593 438 923
621 440 924
648 443 926
674 445 928
700 446 932
726 448 936
751 450 941
776 453 944
802 456 946
827 458 948
852 461 950
878 463 948
904 465 947
932 467 943
960 468 940
990 470 936
1020 471 932
1050 473 928
1080 474 925
1110 474 923
1142 473 923
1174 471 924
1204 470 929
1233 470 935
1261 469 941
1289 469 943
1316 470 946
1342 471 950
1366 472 953
1390 472 955
1414 470 956
1438 468 957
1462 467 956
1486 466 956
1510 466 953
1534 466 951
1560 466 948
1584 467 944
1608 467 939
1632 468 935
1658 468 931
1686 470 928
1715 472 926
1745 474 924
1777 478 924
1808 481 924
1839 484 926
1868 488 929
1896 492 930
1922 495 931
1948 499 933
1972 502 936
1997 504 939
2021 507 942
2044 510 945
2068 513 948
2092 517 949
2115 520 950
2139 522 950
2165 525 948
2191 529 946
2218 532 942
2245 535 939
2273 538 935
2301 540 931
2329 541 927
2357 542 924
2384 543 921
2414 541 922
2444 540 924
2473 540 930
2501 539 935
2528 539 940
2555 538 944
2582 538 946
2607 538 949
2631 540 952
2655 540 954
2679 540 956
2702 539 955
2725 537 955
0 0 0
0 0 0
0 0 0
0 0 0
0 0 0
0 0 0
0 0 0
0 0 0
0 0 0
0 0 0
0 0 0
0 0 0
0 0 0
0 0 0
0 0 0
0 0 0
0 0 0
0 0 0
0 0 0
0 0 0
0 0 0
0 0 0
0 0 0
0 0 0
0 0 0
0 0 0
0 0 0
0 0 0
RTHI
-228 330 603
-207 329 595
-182 330 590
-154 332 586
-122 334 588
-92 336 589
-65 338 592
-38 339 596
-10 340 600
20 340 605
41 340 606
54 337 606
66 335 606
77 333 606
91 333 606
105 333 605
119 334 604
133 334 603
147 334 602
161 334 600
176 335 598
191 336 596
208 336 593
225 337 590
243 338 587
263 338 585
283 339 582
305 339 581
331 339 580
360 339 579
394 339 578
432 340 578
476 341 577
523 342 576
570 343 575
613 344 576
655 346 579
696 349 584
735 352 590
773 354 596
811 357 602
849 359 608
886 360 614
923 361 619
957 363 622
990 365 624
1016 367 621
1039 368 616
1061 367 609
1084 365 602
1108 363 594
1135 365 590
1166 367 588
1198 368 589
1230 370 592
1261 370 596
1293 372 601
1326 374 606
1347 373 608
1361 371 608
1373 369 607
1386 369 607
1400 369 606
1414 370 606
1429 372 605
1442 373 603
1456 375 602
1470 376 600
1485 377 598
1501 379 595
1519 380 592
1537 381 589
1556 382 586
1574 382 584
1594 382 582
1616 383 582
1641 384 582
1673 385 582
1707 387 582
1748 389 581
1795 392 581
1841 394 580
1885 396 579
1921 397 583
1958 400 586
1993 404 590
2029 408 595
2065 411 600
2101 414 605
2138 417 610
2175 420 615
2210 423 619
2242 427 621
2271 431 620
2296 435 617
2318 437 612
2338 436 605
2356 434 599
2382 434 594
2410 436 590
2440 438 589
2470 439 591
2498 440 593
2524 440 596
2552 440 599
2580 442 602
2607 443 606
2624 443 607
2638 441 607
2650 440 607
2663 439 606
2676 439 605
2689 440 605
2702 441 604
2715 442 603
2729 443 601
2744 445 599
2760 446 597
2777 449 595
2794 451 592
2811 452 590
2828 454 588
2846 454 587
2867 456 586
2890 457 585
2917 459 584
2948 461 583
2982 465 582
3022 468 582
3066 472 582
3109 476 582
3147 479 584
3182 483 587
3219 487 591
3260 491 597
3292 497 600
3328 502 604
3368 506 610
3397 512 616
3428 517 621
3461 521 624
3495 525 626
RKNE
-203 433 456
-182 433 450
-158 434 446
-129 436 445
-98 437 445
-70 439 446
-45 440 447
-20 441 450
4 443 452
27 444 452
40 442 454
49 439 454
58 438 454
66 436 454
74 436 453
82 435 453
87 434 453
94 432 452
102 432 452
109 432 451
118 432 451
127 432 450
138 432 449
151 433 448
166 434 447
182 434 446
200 435 444
221 435 444
245 435 443
272 435 443
307 434 441
350 434 438
400 433 434
453 433 429
508 434 424
565 435 422
621 438 426
675 442 432
727 446 440
777 451 448
824 455 457
870 459 464
911 462 471
950 464 476
984 465 478
1015 466 477
1042 466 474
1066 466 468
1088 466 461
1109 466 453
1132 466 448
1158 468 444
1193 470 445
1227 471 444
1254 472 444
1280 472 448
1308 474 451
1333 476 452
1348 474 453
1357 472 453
1365 470 452
1374 469 452
1384 470 452
1393 470 452
1400 471 451
1407 472 451
1414 472 450
1421 473 450
1430 473 449
1440 473 448
1451 474 446
1463 475 445
1477 475 444
1494 476 443
1511 477 443
1534 478 443
1559 478 444
1591 479 442
1628 480 440
1672 481 438
1722 481 435
1772 482 431
1824 484 427
1876 487 429
1928 491 432
1979 496 437
2028 501 445
2075 507 453
2119 512 460
2161 517 466
2200 522 471
2237 526 475
2268 529 476
2297 532 475
2320 533 471
2341 534 463
2360 535 456
2380 535 450
2403 536 446
2432 537 445
2464 539 444
2497 541 443
2519 541 446
2544 542 449
2570 543 451
2593 545 451
2609 544 454
2620 543 453
2629 542 453
2638 540 453
2647 540 452
2655 540 452
2661 539 452
2667 539 451
2675 539 451
2682 540 450
2688 540 449
2699 541 449
2710 542 448
2721 544 446
2735 545 446
2750 546 446
2769 547 447
2790 548 447
2811 549 445
2837 550 444
2869 552 442
2903 555 439
2948 557 438
2997 558 437
0 0 0
0 0 0
0 0 0
0 0 0
0 0 0
0 0 0
0 0 0
0 0 0
0 0 0
0 0 0
0 0 0
0 0 0
RTIB
-216 370 238
-179 372 231
-145 372 226
-120 374 224
-105 378 224
-89 381 225
-62 382 229
-47 382 235
-29 379 234
-11 374 235
-3 374 240
1 371 240
3 370 241
4 370 241
6 370 243
8 370 244
11 370 245
14 370 246
17 369 248
19 370 250
22 371 251
25 371 252
30 372 255
35 374 257
42 375 261
50 377 265
60 378 270
73 379 277
89 378 284
112 375 292
139 372 301
173 370 312
214 372 325
263 373 334
314 374 344
372 374 350
427 375 358
487 380 363
544 386 369
596 391 375
648 395 371
699 399 365
750 402 354
801 403 336
854 403 317
906 402 296
959 401 276
1012 400 257
1061 399 244
1103 401 234
1139 403 228
1169 404 224
1188 409 223
1203 413 221
1232 415 226
1253 413 235
1270 408 233
1293 406 234
1299 406 241
1302 404 241
1304 403 241
1305 404 242
1306 406 246
1310 406 247
1314 407 247
1317 407 248
1319 408 250
1322 409 251
1326 409 252
1331 409 253
1336 410 254
1342 411 257
1349 413 261
1358 414 265
1370 415 271
1385 415 279
1405 414 287
1428 412 296
1459 411 306
1494 413 318
1533 418 331
1576 424 346
1626 429 356
1677 434 365
1731 438 372
1785 445 377
1838 452 380
1890 459 382
1939 462 374
1989 465 362
2039 466 347
2090 468 329
2140 469 309
2190 470 289
2239 471 269
2286 471 251
2332 472 238
2375 472 230
2413 470 224
2441 471 223
2457 475 223
2473 478 222
2501 481 227
2515 481 234
2529 476 233
2552 474 235
2562 473 239
2569 471 241
2572 470 241
2573 471 242
2574 472 244
2576 472 246
2581 472 246
2584 472 247
2587 472 248
2590 473 249
2593 474 251
2597 475 252
2602 476 254
2608 477 257
2615 479 261
2623 480 265
2633 481 270
2647 481 276
2664 480 284
2684 479 291
2707 479 299
2737 479 307
2771 484 321
2808 492 335
2846 501 348
2894 508 358
2943 515 369
2994 522 379
3045 530 385
3096 537 390
3143 544 389
3191 546 380
3238 548 369
3288 550 355
3337 552 339
3385 554 322
RANK
-109 470 51
-55 472 54
-18 478 52
4 477 51
11 478 44
12 481 38
24 482 41
32 482 41
35 482 42
36 483 42
37 483 42
36 482 41
36 481 41
36 480 41
35 480 41
35 480 41
36 480 41
35 480 41
35 480 42
36 480 42
36 480 43
36 480 43
36 481 44
37 482 46
38 482 48
40 483 52
42 483 56
46 482 63
52 479 71
60 475 82
69 470 94
89 466 110
116 463 126
153 462 146
193 460 165
241 462 183
291 466 198
349 468 203
409 470 203
472 472 194
538 475 182
606 477 165
678 480 145
752 484 124
832 487 101
914 490 81
998 493 62
1081 495 53
1157 497 50
1221 498 53
1270 502 56
1296 505 53
1308 508 45
1310 511 36
1326 512 41
1333 513 40
1335 514 41
1336 515 41
1336 515 40
1336 514 40
1336 513 40
1335 513 40
1335 513 40
1336 513 41
1336 513 41
1336 514 41
1336 514 41
1336 515 42
1337 515 42
1337 515 43
1338 516 44
1339 516 46
1340 517 48
1342 517 53
1345 516 59
1350 514 67
1355 511 76
1365 507 88
1378 505 102
1400 503 120
1431 505 139
1467 507 157
1506 509 175
1554 514 190
1602 519 203
1659 524 206
1718 528 203
1777 532 193
1841 535 178
1907 540 160
1977 545 138
2052 549 115
2130 553 94
2209 557 74
2290 561 59
2370 564 48
2439 565 49
2502 567 52
2545 571 53
2570 572 52
2576 575 44
2580 578 36
2595 578 41
2600 578 39
2603 579 40
2605 579 40
2605 580 41
2605 580 40
2605 579 40
2605 579 40
2605 579 40
2605 579 40
2605 579 39
2606 579 41
2605 580 40
2606 580 41
2606 581 40
2607 581 42
2608 581 43
2608 582 45
2609 583 49
2611 583 54
2614 583 59
2617 581 65
2622 579 72
2630 576 82
2639 573 92
2653 571 107
2675 572 125
2706 575 141
2739 578 158
2781 577 175
2822 585 192
2865 593 207
2917 598 207
2972 603 207
3025 608 199
3084 613 188
3145 618 173
3210 624 151
3278 630 129
3349 637 107
RTOE
26 494 59
80 497 70
118 499 74
139 501 67
145 504 51
147 505 35
159 508 28
164 514 18
168 515 17
170 515 16
170 515 16
170 514 16
170 514 16
170 513 16
169 513 16
169 512 16
169 512 15
168 511 15
167 510 14
167 510 14
168 509 14
168 509 13
168 509 13
169 509 13
169 509 13
169 509 12
170 509 12
171 509 12
173 509 12
174 509 12
177 508 13
182 507 13
188 507 15
197 507 20
216 506 34
253 503 51
309 498 63
374 496 68
444 494 71
518 496 67
602 495 62
686 494 55
770 495 47
857 496 38
946 498 31
1038 502 28
1129 508 30
1214 514 37
1291 518 50
1356 522 66
1403 526 74
1432 529 70
1444 533 56
1444 535 35
1461 533 26
1464 538 18
1467 539 16
1468 540 15
1468 539 15
1468 539 15
1467 538 15
1467 537 15
1467 537 15
1467 537 14
1466 536 14
1467 536 14
1468 537 14
1468 537 14
1469 536 14
1469 536 14
1469 536 13
1469 536 13
1469 536 13
1470 537 13
1471 537 13
1472 536 13
1473 536 14
1476 535 14
1479 535 15
1483 535 15
1491 536 16
1505 536 26
1525 538 41
1565 535 56
1622 532 67
1686 530 71
1755 531 72
1828 534 67
1908 537 59
1987 542 51
2072 547 42
2159 552 33
2247 558 26
2336 565 23
2425 572 29
2505 578 36
2577 583 50
2635 588 63
2679 593 70
2704 599 68
2711 603 49
2714 604 32
2729 602 24
2733 606 16
2736 607 16
2737 608 14
2737 608 15
2736 608 14
2737 607 15
2736 607 14
2736 606 15
2736 606 14
2736 605 13
2737 605 14
2737 606 14
2737 606 13
2737 606 11
2737 606 13
2737 605 10
2738 605 12
2739 606 12
2738 606 12
2739 606 10
2740 605 13
2742 603 15
2744 603 17
0 0 0
0 0 0
0 0 0
0 0 0
0 0 0
0 0 0
0 0 0
0 0 0
0 0 0
0 0 0
0 0 0
0 0 0
0 0 0
0 0 0
0 0 0
0 0 0
